Recherche par table de hachage
Methode de tri : N/A
N = 10000
R = 100000
D = 25
Nombre de recherche executees : 855
Nombre de recherche fructueuses : 81
Performances :
	Temps de preparation(Tp) = 140000
	Temps total de recherche(Tr) = 42398
	Temps total(T) = 182398
	Temps amorti par recherche(Ta) = 213
Tableau T1
29881	3514	92523	4510	28591	20596	90622	72387	75092	4941	52356	79570	65158	45756	21207	52572	59601	6766	90888	21023	85602	91259	52352	92778	56484	71227	66321	88705	39641	23537	12062	68086	93301	43333	48643	68919	11866	67152	18467	77896	73004	88624	5228	43557	67377	23548	81641	4937	38503	46737	83012	68621	60769	28266	27061	85608	84287	78158	92524	88340	39626	83171	94359	27913	94785	20304	71139	19810	85282	16294	32759	6736	19093	77991	91715	37182	41617	62279	72907	67165	38887	2159	10047	30248	54704	5573	98177	87569	60037	82803	68645	74535	49550	10199	62930	46407	93842	3143	53829	86492	23341	87934	12948	9653	53088	38791	32720	18689	47041	10405	21155	59945	58323	54301	58521	31754	90705	82594	86716	19053	77060	50394	72791	32389	42677	47281	74972	33989	18491	72762	86433	5915	24277	85117	11716	84077	24500	67362	73424	51758	6352	61753	61464	95709	1499	1091	40223	18427	27218	26144	65946	15783	49647	87574	5390	69783	1372	65018	27475	83957	14658	63743	16186	47796	77055	19832	13451	20685	41046	56331	33062	81242	77504	69333	86027	32654	98977	89908	49590	58384	7574	28980	54274	88274	4969	34009	61486	53298	70407	60198	29660	41996	27497	11657	99638	83577	60046	64803	76460	56713	36234	76727	20600	78905	29399	28493	94211	24752	13290	1476	72384	58812	53697	15282	35286	39524	84280	43737	40539	8393	53274	45065	46235	84638	37749	48971	85432	55073	21990	96497	25003	11029	32916	3576	69865	7261	48888	40023	13058	6807	34778	75111	81890	27507	33495	31854	42810	60719	96254	19625	1689	42768	23354	5430	39667	90079	85225	2332	92068	69693	53036	24375	48366	21541	72823	3811	1341	52701	40616	85829	29484	44663	82644	82353	51937	93546	23837	58107	80531	38568	12896	26333	71308	79100	84362	54850	96937	43171	48299	39949	7998	7492	76994	79017	58230	28652	94168	20749	43640	62154	48938	59019	47046	39556	83869	80118	92095	96212	65654	2446	34340	6627	60513	25482	75480	94945	5551	66944	33536	67358	59581	54963	82922	3847	17327	73914	40522	44704	77115	33449	47038	67290	60098	41150	72627	95730	75577	81419	50658	51302	61798	19323	15474	26484	71495	87426	8417	86481	73483	56613	83837	72547	12196	49859	41420	9372	692	6015	78123	49331	98948	49131	73044	46849	20820	64690	78648	27732	36204	83586	39788	36627	36209	39733	14625	27407	31156	56059	58507	26850	33028	72101	99523	11688	34948	87664	43702	52470	11691	51712	90939	60887	52231	12508	41905	39044	75483	93305	94496	54586	66897	61155	36656	19484	78993	54132	59496	50797	61287	37594	11848	14109	83123	70871	58943	74432	97037	48290	91914	60666	67123	31594	46794	40951	21105	41403	25633	15385	60520	29734	17995	4681	55408	8330	72418	83855	58131	70421	15356	84242	2102	14971	32676	21500	74558	29693	42256	97726	78475	82724	5739	43888	70997	233	50430	92565	9634	2352	87610	95485	80066	39350	56420	13188	41319	40735	19101	24184	48964	53074	22253	86583	83424	83777	52204	73143	91319	61119	81677	13952	2062	89910	63719	45940	19313	49809	24896	30510	23018	16564	81337	87080	93984	93740	34992	54742	62122	41248	8310	21904	39054	94374	42030	46446	9179	60499	36670	38603	26079	17290	40150	18604	62374	83542	13626	27034	94576	3763	31309	7626	75213	27526	7228	13054	65911	36460	61540	9957	91692	31024	82913	34973	42887	3542	13492	12121	79066	49845	54063	31901	7210	87010	2624	51462	82407	67015	71385	81863	68967	43794	5624	25326	9758	30217	94104	91397	45563	83196	59890	34292	46914	28115	87313	60963	10881	68806	50033	87005	10610	68940	78323	73905	63596	85642	39936	74386	71782	9805	58679	80350	94153	68051	52981	92924	76433	14628	48192	54334	60704	74654	68560	51654	69215	77934	87003	16421	80210	28890	95739	6879	3670	13466	91293	64202	45913	82984	23081	91924	20118	28909	75177	39172	86412	53434	51736	56889	25178	31416	69033	10288	94074	98519	64241	90305	41655	4771	70738	7080	42572	8757	36389	91169	44826	75394	50348	7557	16382	16847	85137	64172	31434	73347	93405	52451	69419	95894	27818	85647	7019	30791	3036	29245	10955	4745	31816	65151	29976	57035	79791	16036	79677	36131	30152	2899	91761	57078	79708	37988	94448	63814	31275	34075	41928	59448	84332	4673	17930	39777	14257	70433	24224	48782	60873	14140	76222	45804	36927	21194	27537	52474	87327	19374	83540	14601	66265	820	57793	75596	79486	68297	2372	80418	2087	75223	21675	49950	63734	84444	12154	81103	66836	78406	52188	9521	8377	22413	40435	95567	51753	26413	60784	79730	63836	99518	99742	15115	89334	94993	87257	67961	72181	49322	67004	94328	64330	98325	41912	50342	99870	58438	65056	95347	80181	39953	27457	89764	4656	36258	36016	42948	5356	24571	7451	73768	15048	96104	90785	64253	78757	45471	26461	81105	68294	89	52477	93882	26198	70504	65362	93159	47112	39349	45760	10401	25274	76791	47957	69885	25971	27089	9591	56385	24139	3112	2325	47760	2794	40895	39487	38868	10536	28210	59058	65639	94452	45164	86667	66014	4208	87397	28861	96499	19161	46971	16702	96045	84869	40171	5403	3534	91173	39404	60460	89145	33834	63497	29891	43517	93316	76057	35997	22595	42085	56381	98907	13168	98788	42453	99946	951	32221	767	5374	96223	76853	75405	53118	95595	21244	94465	94200	97996	98827	56168	2517	73280	47501	67025	20103	20836	83546	80265	68991	22622	47422	56340	52348	58848	24441	43305	41949	14329	92799	43466	81560	20670	83071	18879	94243	90608	65249	95502	24175	85418	23497	34681	85780	36490	75704	34453	96039	60281	40241	73410	66665	25017	60953	7371	69689	62090	11256	66972	65354	21624	43548	95451	45551	677	41436	93202	54927	84858	1702	48164	86493	74658	23955	28814	54795	67983	2856	71847	59600	69901	14681	12990	93960	75417	50551	45975	50627	49252	52642	53075	80937	94710	45253	61351	74952	18448	42259	47663	60027	44202	41595	6011	65017	61946	1642	23335	50136	31222	87230	86217	23452	32369	48419	75396	89407	28289	43148	31097	93662	42050	60431	8701	51614	99987	76157	18853	63450	47517	17276	98365	35114	7508	32387	34361	44081	10454	43410	84291	36355	77425	17580	71699	81361	85217	57810	42301	17971	26007	70947	54736	89365	84535	94123	25005	65909	82422	52236	85168	1994	31286	88290	13103	66238	73138	76513	76666	96826	11871	23077	42818	81092	27909	24936	82629	22755	48123	24909	14807	93118	39326	25210	57325	97698	78861	64995	50921	74434	24676	50336	11230	1017	42528	65951	78411	5339	58071	45160	49865	27013	47987	73832	595	6238	27212	84874	45816	74258	32378	26014	39129	74948	83489	97449	40908	49543	31367	38118	56797	892	71878	96983	13294	9129	74204	54796	16670	46226	46303	84462	90775	6031	9225	25506	45578	86052	72372	26182	30539	94886	89342	84878	69858	5244	83479	50872	72504	38172	1432	21938	67136	47504	81134	79498	94746	73228	57469	56780	40702	13889	18650	42187	33758	24377	36982	4989	92531	96952	50833	99290	45622	15403	22944	52556	27247	75788	90730	45203	18053	46451	4428	19064	37172	94812	91453	58124	1149	5361	99115	700	98199	94549	76548	33939	51331	35053	94097	57132	15997	36106	44476	14482	81486	99895	4883	6999	45791	68059	90917	65325	47688	37324	15081	57860	1382	63217	81502	84865	47467	42449	53644	87127	40526	30109	25641	4932	96420	12631	53368	62251	30855	71774	57452	47689	50002	36343	13046	46287	19386	35085	76346	60103	83861	28356	14954	17081	57057	78997	8158	64358	63359	98372	37040	77992	89262	28878	92498	70531	40493	92207	92172	48052	69991	28133	29234	84134	45376	41516	48798	44099	60730	43399	21807	60487	28132	74336	95773	27536	5760	89543	2263	60978	57232	39639	17051	64456	24412	1910	24242	74213	55266	2043	68165	11336	97562	79881	57056	8589	741	59738	49474	21824	54066	69239	1054	83532	68588	64675	23666	49540	3992	79616	7637	81078	46921	64173	88850	63002	1766	31317	20109	98410	69022	63274	16455	72299	8863	38888	81452	73754	5401	9942	92264	40340	46112	988	64954	32737	73104	38555	21600	13214	36747	72812	17138	53894	21150	94329	96011	74941	59906	90386	36769	85369	38845	2158	60534	86765	22761	56735	72711	76371	43661	74607	45281	23765	97031	11036	43860	36408	52747	94382	21216	6213	82117	28049	76076	69365	80570	34548	58517	81849	9037	23484	66659	68707	89309	25413	96152	78165	86699	50199	27169	86212	84538	23777	63176	94095	48724	61055	58851	48408	36766	42165	90571	3497	898	5640	67094	95265	73489	65270	26049	72555	42919	20344	16925	32256	35044	35729	57270	87370	52933	31552	37505	70436	96446	78612	30530	13245	33879	35359	73624	11067	17824	44643	29829	56956	63538	23306	33117	63127	1060	91890	95850	9377	66663	92164	40089	27020	88062	58725	99846	4362	46045	49638	97759	4943	9564	11574	45655	6516	75320	6936	91529	7352	96616	45903	36743	78465	81623	1333	95422	43296	66370	36907	28808	8819	49839	99371	29261	6915	69352	18201	48054	81454	53939	45240	2801	32031	64655	20121	94490	4057	38893	5805	26636	33107	34856	66780	16356	76605	53539	40623	81453	51168	59358	94503	54926	24516	52116	82768	75436	78859	49141	35728	5181	41594	67802	22266	68747	14442	83007	70752	97167	91496	71012	27188	38288	60727	10446	78961	19731	50123	94202	3327	12763	27117	20073	38264	2955	63512	38762	76294	66905	77422	58573	32659	15304	19919	74913	55934	71553	72014	21213	32127	11327	93109	54067	66502	22122	79233	94024	84067	4187	6918	93238	79298	36118	30276	32084	55590	10471	93500	97818	67177	1976	97787	49597	56048	6748	56359	57097	60105	63460	83168	44196	34851	43940	98560	43467	77234	25257	74239	48959	22965	95832	21235	62801	98256	71644	90204	86042	65633	92436	64522	96376	6161	89882	40187	23237	49958	3857	8482	91317	54442	58019	36748	20147	38771	21243	50649	3372	81021	83581	69779	13262	37480	69143	48733	55757	74675	99099	96426	39752	83161	67898	11517	37344	52594	76637	30734	53364	18855	93306	98516	37155	46344	41547	3445	12024	20328	2597	30684	22449	13446	21139	48776	94986	29191	94831	31937	24331	94	46621	55141	48746	93453	86340	93793	74910	48293	97962	83899	3042	54634	4555	17516	32450	31570	78933	92907	81350	53548	25570	41476	68664	83229	7923	62888	6610	47333	90630	13758	23817	10880	67284	16215	9904	88489	25514	57343	63499	7737	84993	38287	39021	3324	63488	45468	51045	99678	33562	36785	70953	49125	31914	68678	43654	1095	96050	23701	51094	91271	95674	78460	61438	89588	43821	31857	14655	52285	61401	86929	51638	75792	19860	1237	95682	52788	33541	99686	77369	62822	49197	20996	66113	58449	45073	3814	13890	56649	47109	16959	15815	18200	85047	66171	25489	74160	95286	53544	45719	32831	5149	81202	61309	27616	42751	75047	97360	43725	54128	63705	93148	2194	45518	641	11722	8926	94987	18081	16826	17043	73080	53730	55608	22588	3887	14012	39870	73758	65053	40660	70630	64039	51306	38015	33546	23779	93542	14981	21210	98798	25170	85985	87321	72292	72457	25925	9045	76659	46217	62138	64161	37522	3009	3429	94929	52843	36888	74820	28881	48531	48183	21400	70561	31387	13461	98973	65713	76063	29438	6677	61141	25467	65471	28835	23462	60382	39568	79250	53813	62966	86974	54422	22700	9099	28084	60042	17251	50568	1861	68408	43292	96147	10073	13016	84286	58258	36144	29830	99734	34874	25721	96117	29721	65738	37570	48309	45829	50809	60782	12831	44299	70879	32088	93808	75170	14277	40407	66020	57431	63116	90844	33300	56738	52694	77496	19626	17013	63924	17595	82588	36013	55309	23319	5101	48171	17640	30403	47804	76188	86519	34811	79814	51476	24544	72389	41535	37402	60328	54702	43880	57629	5438	37971	40237	8388	67586	45020	47007	47106	37840	89250	17801	95080	23981	49777	54897	25653	30125	58345	86349	68489	70110	96574	59390	84599	83220	68576	95726	40504	5138	12725	48162	27964	48018	53505	60668	44252	80945	41352	87663	16715	96602	80298	66623	34411	78157	48205	98933	53115	83628	42361	54781	46702	34242	64860	77692	36279	61744	75697	43104	44630	46126	75654	66299	3642	88811	6451	18415	34519	50304	18543	91412	37829	8567	89268	90361	50113	71566	47054	54786	36954	60406	87104	624	26423	64247	88404	35304	18738	9020	65622	26951	51967	85641	38299	75947	40085	86247	24321	40361	82024	9363	31007	76358	13228	96250	77784	98558	20887	80848	15501	26762	15493	394	66483	43026	437	34328	73759	91983	81969	87234	7902	60923	64811	77502	71746	1944	95330	1227	43830	5977	90820	53326	92434	19345	1933	30310	61130	310	6830	72686	59200	14066	19049	72654	79899	37318	5081	40894	28527	25946	85806	29241	27483	86469	37557	95770	36434	18134	24151	78581	90481	86173	696	49748	35440	42233	57983	94220	42644	27711	81462	17596	32992	10755	53415	43842	97739	90503	42886	50714	23117	18749	73806	69043	87635	52634	48931	98800	53394	86361	48407	51928	78104	83272	96776	98650	96829	83507	61926	53728	5689	73708	58802	52495	76976	18548	51522	67417	38537	39170	53051	97771	33076	2118	33320	97836	68760	71252	42531	92308	68262	28583	32685	77806	71608	94419	16574	93139	91429	39222	89630	77137	93000	53658	83284	29719	6655	23430	80598	96544	51440	50081	9183	62649	84581	1412	18686	52177	51800	44875	74812	20042	7512	42164	89348	24780	15091	79638	16172	35585	53346	41864	30274	57851	21553	88048	76737	46562	14847	49465	4416	10483	34933	86844	7067	89605	77506	46139	38203	89351	35224	70669	40389	7716	47645	57043	51452	99177	96239	80745	77171	34653	79224	95737	51987	2191	13097	5417	58149	3382	94164	70014	40081	20462	58038	24900	9175	44885	42465	48448	20232	77087	38413	24930	64315	17707	88652	34987	35953	98586	35676	21820	19774	27339	11157	77753	41224	8437	27202	97017	17671	52480	86380	80813	67232	40946	11721	77759	44943	77365	37779	85089	69093	35984	95336	86961	87607	94725	49094	17097	9289	99154	70074	29063	99377	92034	31622	87242	92458	64575	24654	88083	38737	75910	91840	39659	93568	50707	1598	93443	7813	53627	72393	90997	33374	11065	59947	71018	93779	29920	76064	77653	24367	29263	62946	72733	58012	99106	80464	69113	70811	20805	37757	66307	24237	96526	49697	97366	28036	76587	21463	79156	50216	25756	14476	69854	32331	82580	63521	205	38234	26433	42103	22728	5412	95426	72314	72042	91161	2556	7927	69170	93901	80344	24554	85351	51036	65656	82357	21734	49896	13748	33676	86185	12894	19670	89165	32790	10327	11278	462	21569	38010	12754	62031	84831	67615	44245	97614	20776	11630	81794	59865	91112	68805	46646	33885	28386	77176	82072	92673	99379	57430	90399	45533	59451	66557	12097	63174	30291	92500	33033	59889	26363	4150	47674	97788	18066	83434	38049	28286	29724	35905	73135	91216	89438	50763	10338	26707	85510	83638	27004	37885	29832	8932	90068	96163	85027	89095	32747	46628	14524	61335	14447	18527	98562	27996	43922	64098	55797	69017	49729	73991	43998	13727	22269	59531	32763	63756	24074	15461	31411	35435	33932	19121	55503	10927	27258	49032	15439	24290	11178	19481	13596	30513	8012	60169	81433	26294	53970	13130	99800	47747	66579	52214	16841	99881	30277	5545	87020	38819	90600	89529	85703	38754	82722	31636	181	2469	15122	74514	58900	62092	10238	86172	50634	46788	2239	8726	10908	83624	56637	64707	23034	7076	36470	12660	65185	97851	16123	2651	41131	97892	53927	21597	47924	86479	61052	41990	81161	19782	22044	17111	35151	78	11425	95994	59917	65901	21881	65174	51544	45221	37698	47646	50745	28446	2110	83235	3900	80098	34611	9386	92664	83234	84866	11321	98038	84630	37569	33162	40480	3650	45751	95138	60039	68852	46548	72827	32529	10283	86589	55389	59311	35661	31020	9876	9029	63714	14587	42414	38527	10470	15070	26558	54598	28894	10203	88316	9654	78052	74956	74173	88057	44727	81136	58753	51020	96675	37575	43550	33095	41968	27520	99722	34353	41587	255	72990	89047	39775	68874	37622	81704	5307	95857	50068	64144	14895	10553	72133	47791	1688	94755	74203	10358	22299	86621	44186	15741	56758	13508	68686	37252	79858	58068	67481	20900	20629	21679	44939	79568	64499	62662	76841	5934	80869	7206	81232	11756	80498	10017	32980	97664	63913	6744	17761	91041	58929	76067	45634	19419	41176	67325	15135	76979	15911	55534	6529	83256	9335	6070	94897	258	71228	65523	48927	3946	16831	32016	22495	53764	30346	35754	30797	10269	82909	70847	19825	17582	13213	41909	7802	29900	27813	9076	80714	99668	88194	19397	50178	56604	44490	37428	19773	38088	17274	35536	10414	42594	88131	46447	88220	92518	16533	32538	97334	25932	12848	53266	40548	25448	66865	10702	18455	72656	79088	73693	73467	6244	59274	78967	11242	69054	2873	77790	40858	54263	72446	67702	14070	93042	35137	23774	15499	90154	70928	51243	36600	86804	28291	53056	28201	83536	91648	38635	79517	74994	43321	8734	8706	21095	36499	14569	67395	27814	30050	20177	95320	19380	3984	44303	11995	39572	72061	34695	74811	33737	32417	99299	66249	25193	34060	37740	65040	42369	43534	35493	20610	9375	71666	14340	99629	81760	68741	34829	28972	63606	32949	7628	24409	22452	18644	48079	45409	59036	48510	5776	65368	88684	13464	17547	33201	51819	40573	83982	88288	94479	14313	75275	97471	72992	87294	26626	63843	67095	27305	73282	52404	37412	323	12171	26765	64137	63019	43481	99328	12309	34543	66731	35318	54428	99748	5199	4020	61424	47829	34316	37241	44543	39031	14603	18724	31240	57435	46786	44466	3546	90493	52670	67301	65260	10797	5888	50259	74974	93254	36558	91643	47893	18243	61956	9142	75431	1466	37872	15547	63854	98942	1959	45104	95825	97829	5392	33895	77588	72693	91660	33293	83551	74410	82872	60352	13421	48848	28799	30110	38612	43435	27193	2008	62283	10550	88773	37125	39197	98056	46654	9619	79145	93746	57820	96888	26675	89221	6410	11367	81611	16433	21504	15038	30264	74921	13917	17179	77952	91010	67170	76559	56119	3577	89613	14123	26145	69332	55025	78839	73125	6177	38415	96545	57713	94554	65267	54643	98884	27210	54765	12700	32138	55465	69041	25501	31492	42670	28622	84122	71033	78032	16724	83075	60958	53683	66743	96875	14336	77725	35150	97812	36168	29013	96266	4665	43066	62622	3460	10552	74359	85546	66927	71419	91203	22109	30861	80194	68481	24672	2430	99566	36186	93597	11026	60972	51740	36030	98528	70300	52031	89949	20879	2781	37667	48871	93233	72822	46901	43442	18224	24324	86704	76247	40961	21435	2560	50574	90869	2715	86082	99206	33581	29393	66728	94237	92366	81894	69145	65218	75114	91560	68660	2308	62590	55443	48694	4155	53596	50351	33539	93851	50362	31961	44680	83029	84753	31783	70994	78380	40284	5069	32852	18017	25654	61192	74724	45705	19942	25175	71539	60986	97509	39780	1352	53567	66700	52801	21657	40458	47743	67758	29381	13449	46896	11990	75216	99665	79633	49081	55451	84567	29690	64863	15646	45715	71549	15718	47434	47358	30908	6855	39603	40005	57842	75772	5947	28877	193	7300	72274	92403	74283	43389	280	5548	76803	57176	37358	39228	23070	86106	37512	35822	16314	37158	54170	3052	11127	73619	66500	89994	21839	49401	58972	37891	79539	36517	90965	60572	22084	80940	67369	740	86429	51560	60573	5781	22158	10749	9556	52943	7608	56203	53914	49311	40959	43833	66122	64265	97579	92487	40577	47921	36352	48859	39203	40819	36497	16437	40903	52026	66725	77591	30923	96078	85884	75896	96114	7044	46722	99255	94051	46594	11922	51180	30199	28358	67381	91056	29415	23766	23376	24509	14275	19197	12574	9763	27666	93545	64152	65239	35001	96229	85131	14318	17091	91145	89753	14240	68081	64459	38745	3450	16310	41686	54418	92630	12410	23978	13804	58669	57434	28817	12227	96025	15277	79001	52792	55013	56322	74771	37571	57812	7973	8871	11395	55019	88256	64370	92693	51996	28254	40925	30211	87888	33067	66459	16243	12304	65559	33343	25921	12207	26841	14967	9959	27575	67088	11849	85528	50063	9669	55240	36236	80391	6188	67507	30933	86656	73322	27434	18033	99450	30224	60718	45688	47258	15173	78292	27381	91480	28002	63142	35762	37827	17046	70646	72908	43665	62922	15264	18341	74951	45983	24795	18104	78722	91667	75227	22855	17535	64099	61734	22192	96653	7978	66672	28958	49741	83240	78582	20028	60707	60990	60116	55236	61756	51765	36803	96949	98235	73118	12339	12804	46338	45620	40000	33545	32313	84669	81684	13914	99966	77200	80473	70102	57706	87409	88697	41943	45084	22324	94282	74276	36463	27677	67342	66170	8882	71369	39272	77430	35256	1650	99688	85228	36838	82081	23279	83634	64373	34512	54710	38392	56135	39076	28680	56859	8072	14555	94361	26147	19333	30992	67450	61269	60858	4045	58312	12949	5321	717	1734	7292	10951	35180	35730	45200	54222	1965	88745	6235	61001	1815	66037	42632	36145	84916	79957	32094	36015	45461	32976	60187	6595	99664	39239	35853	59109	26338	44699	26206	72065	99899	79813	34685	78983	97901	54836	67418	35437	14063	25278	77432	74183	84892	56707	37273	5886	22274	62137	29950	31745	99535	36824	25709	23330	19620	20002	33780	75821	60834	73390	13351	23014	8801	14576	87014	32350	60774	29850	57745	79126	96225	87198	68319	71879	69870	44442	96614	33426	5120	28810	9880	68007	58076	59677	48606	24278	57825	16313	94761	42178	82802	34652	90448	52533	72545	19710	73739	24141	15833	62386	24459	30580	11368	64043	31412	38925	2983	3131	19480	51594	75880	29495	50097	3067	34523	64086	34362	68161	8605	6200	57802	30784	47421	38212	95375	3730	27881	52227	14937	21281	99558	21389	27277	38150	34789	65783	26963	95714	6625	71335	81326	29732	39625	96445	77416	39101	55528	81960	95690	87509	27365	8927	10308	15777	84021	59230	20581	52331	7897	49799	7545	58861	12964	39726	88798	82940	51219	79728	98953	55458	74280	22578	79752	62201	50709	34398	69489	37244	6452	22957	95939	13883	57626	19127	42587	74657	86600	57186	35067	52894	71759	5981	60350	46103	54972	23116	77165	79083	37745	99337	77960	57228	23939	98760	77407	16323	40686	88350	38439	53049	71479	46129	60918	63281	85673	91822	94629	38385	96665	76763	19693	50130	43967	93522	7553	11750	1064	76677	53527	63667	81321	46072	29158	41029	75349	80625	4107	18541	17747	56008	49526	58795	43528	19658	33535	4347	34862	87780	4410	33382	19294	30295	32289	18251	34389	43507	18191	42323	27246	37111	36610	51108	77196	49076	19083	79955	54305	84080	27599	65942	65593	26982	51966	36503	67526	77130	66189	89701	48968	10602	8581	79160	11312	42172	8069	86514	38469	62732	49169	42269	49328	93459	93279	88985	62346	72419	70934	63816	30250	17319	21813	38052	57337	77475	27604	46215	24753	95828	20539	93388	69338	82048	12221	54616	71763	287	93978	25616	4743	38790	97189	12507	88797	40689	33663	77589	10862	14125	55106	61644	96690	49375	65626	22043	60819	28052	49709	97793	6019	21030	41788	75581	4010	12040	39713	9416	43927	13999	95704	95119	47287	71517	68155	78476	6180	21290	35589	77632	57457	9208	90447	10419	53332	27609	70296	82411	72461	83033	76943	2559	43539	98639	98232	43575	6533	68898	63286	94038	57374	61991	52917	41269	4443	53462	56375	94863	25056	54427	34499	13531	66853	2161	78746	47063	48526	67076	62562	9723	6052	85865	79373	53786	44530	34119	54602	92512	78681	85971	50824	50236	72688	41051	43362	52664	85180	39704	44140	60003	35912	7142	66585	26095	28641	32591	26470	52534	71761	82371	84294	95959	6966	98692	23818	60703	89149	22270	24300	95488	31060	23257	84682	47482	44981	94650	83047	74691	15534	93789	96099	54445	20409	13797	37177	6329	63794	85162	21531	20822	94250	88461	87955	82007	48053	66685	20995	75344	26239	29887	45902	67213	9627	6206	47023	5295	84987	74255	66855	62468	8763	11295	56994	15992	49787	35677	23583	12191	76092	31435	97968	73215	54925	55248	97340	53504	64218	72171	22940	19821	44343	74244	94482	8077	95562	33713	67875	33616	66870	85019	41235	67973	51076	52859	94203	23976	56560	9022	13577	79479	75726	49096	28948	50598	19448	35700	75897	5129	78645	64025	63800	80743	75593	46373	14734	10928	94995	91947	80377	69250	1416	53283	21294	83963	27821	67531	89848	38561	60393	48705	64854	13527	89749	34113	52195	96963	96419	91283	21538	81811	89941	32326	24580	96034	39384	90018	7257	61338	44568	45992	13746	99370	41275	85484	88695	3915	82695	30377	27444	7392	68071	96103	60982	47937	81408	16524	70628	68598	41660	14665	29912	14817	38674	72448	77996	8160	58759	67493	49427	96860	80796	40666	26831	94614	92373	40810	40032	70576	5115	25406	37687	74518	88188	99455	8424	49671	49296	18249	30270	43652	32791	62695	76552	26835	47166	25201	25041	24976	48417	32767	8206	15857	33322	45033	22096	36788	98615	18845	76985	20136	57818	99867	31691	96149	22426	14864	72540	69481	25526	14093	4550	64682	69540	65210	71406	10026	8511	61877	31531	74059	1981	31307	65628	8481	32009	21536	53851	34947	66616	21846	97699	95019	58495	6496	99897	20783	75636	75514	59095	22702	96287	58845	95608	99827	77317	31353	32990	88956	44774	88457	76753	67376	72529	69765	54575	26436	83261	48796	79355	88564	7249	54398	64537	88823	16351	56175	74646	25263	20727	37759	44207	24945	64260	36425	62486	75565	73296	78817	76169	5076	63071	38226	30848	73507	83193	50703	59248	12070	32408	49005	8912	561	88875	17180	5058	34095	91396	94214	27673	19347	39992	14064	53684	22649	93543	81658	64914	14366	33185	49257	81201	25137	45215	32711	95362	66269	9143	5031	28964	64453	33070	1194	16303	19420	53611	50190	64108	13702	82804	59521	60288	58815	4812	43819	26679	75595	46783	31844	50728	10472	61241	75332	18532	90994	42609	35043	43981	64239	81846	1404	20106	13732	87543	24366	60068	9451	60143	73948	13468	58540	31988	7640	8680	69595	76237	91768	44868	8977	8713	79634	71096	77530	63	34812	13076	83937	85555	29866	60379	36083	90315	90226	95798	9599	12698	34338	941	5867	3928	10128	73110	95343	91133	42767	42936	27620	74246	79985	72179	17242	79448	96789	65089	26757	34495	47203	53127	53773	43870	12538	13568	27655	47277	92545	9793	51776	92823	15915	82153	4380	7246	15614	96641	58800	92075	66987	34526	40474	95966	89748	38082	3354	41542	82392	87970	8368	4379	34876	99970	64915	84649	83607	22460	13675	53655	26586	35103	27533	91781	83642	9524	8849	78229	6555	6620	6096	66907	94358	67167	93480	53145	60317	5123	98446	39008	86701	37296	31514	11283	68646	72386	36856	64887	12073	24183	85442	51415	21375	70695	55512	79800	51737	74785	75340	90459	78066	69027	83482	93288	13265	90837	81557	1276	31339	32797	80786	35685	17269	94124	11335	52887	24845	57231	4205	82347	92893	21298	20238	80645	49890	25716	94523	30909	95840	80794	6960	53479	72124	21567	41157	47700	12080	60233	58964	70897	75118	9751	99137	96749	86037	82518	55915	54009	24457	13683	52142	22087	64146	41611	19954	80053	29651	47774	90100	95331	3652	92033	55343	15423	20431	92851	37703	59650	7812	22920	62866	53556	39033	71201	46403	15402	81186	50300	35539	48616	56743	7086	26593	7017	51696	98744	63635	70221	53880	49178	432	76768	73863	6381	47934	63536	58713	28642	80640	28389	28085	91051	36662	64536	61630	21225	58656	71665	63522	1811	75040	865	94704	23968	29020	36248	4710	54770	38274	66532	19913	74591	18791	17320	94798	3517	26472	92404	1909	64585	25778	7046	57909	39060	86908	92637	55218	94730	49042	75126	77931	22912	17421	14565	3568	19065	79741	20178	49745	13366	94568	35469	96338	35512	88333	22799	42299	95219	65665	61775	5227	56273	77659	23485	9516	10079	65547	51166	69409	84728	27844	26821	27644	39276	83387	20363	28109	3885	88487	81034	81525	85462	89960	91356	92729	12409	22277	78410	40465	11949	45364	42381	54911	50845	54941	86210	93957	26767	28784	52488	38098	5433	34253	28430	17348	99498	33360	52863	9270	82582	32744	34086	38915	50784	90197	73620	75342	26485	52737	57521	65687	22358	48211	99651	31790	28304	45168	68675	97154	31182	17371	4561	41862	72246	99018	87878	58508	30293	11272	59560	30551	44863	52742	78510	95965	67853	51564	73186	37551	74924	83699	85876	51467	14598	90049	42429	83023	88110	45499	78781	37831	69237	17243	99155	36228	15414	93296	455	24374	67133	56080	6893	31055	81700	6576	24293	5340	69527	60856	14124	73928	82523	30919	89370	77337	65819	40317	60005	9573	55424	60746	46819	70004	28351	69776	70899	29932	97335	39328	72850	99468	59501	19229	62939	25768	3023	54159	861	91961	5068	53343	3441	58389	2116	78496	51973	62712	30331	54676	57160	74837	76608	96915	67914	3037	23334	78802	26812	30006	36433	10343	26155	41307	77488	15005	17258	34016	59834	37249	70616	39764	52740	16377	25486	607	73916	91347	44839	81386	84645	41019	68844	29406	59119	42151	55739	15269	48658	94349	35859	7149	21447	35412	88959	30123	71843	63815	97405	86332	33617	66822	56105	7014	25515	343	94890	85309	84693	24474	64313	30881	16182	89114	9546	31507	9534	48569	92650	28234	86912	71986	49770	6792	18421	31516	94193	78919	54571	11139	62406	95784	60049	8736	77063	58281	67279	74376	29106	3075	51287	49998	75552	85986	76563	2773	79051	75713	56222	51191	11889	66818	9327	30699	50344	29679	7222	69201	25425	87436	53904	75042	25042	9030	90450	88636	41297	68038	29817	94745	45487	83994	38283	41470	60268	28226	52215	75438	69289	89192	28508	29903	19742	20658	71109	43994	80774	95856	54516	16814	39578	95285	1157	76488	34961	53511	64471	98431	93812	83571	60493	60613	36945	84517	70013	73833	90250	44876	31876	40483	98097	8356	70130	59805	22410	99412	2097	60016	87620	12469	29523	14883	17204	49117	72659	13549	44272	54719	86603	22631	39410	63871	19348	78996	55148	98898	42859	67183	97299	81785	13362	19478	93134	51198	30789	29608	21082	97115	35030	34550	56326	75248	43151	54226	66023	39499	31603	27151	21864	9651	9346	84475	66047	57905	77851	62326	82459	99996	52380	66253	76473	20863	22724	73720	98262	86057	8986	92044	58879	12849	19047	8189	84068	57988	85726	72692	20715	26189	32987	44009	27584	35423	38249	66813	5706	94818	79422	26103	71417	41783	80665	86140	39946	60940	23102	15471	97587	18796	33202	21169	63017	94661	5710	58643	11076	26899	86478	69005	60429	31787	19153	63754	16996	32064	68685	64068	74318	57121	49836	78731	3129	55039	9319	6622	75725	95421	99036	38224	50976	90928	60244	22390	45174	10716	90456	41124	22770	84468	26800	80383	42309	48540	6315	44822	57130	23389	17808	8745	69256	57736	56115	58260	55578	59242	51332	33148	4778	26504	97057	74964	75161	81880	99435	59916	62364	89462	60919	18113	67387	10297	72024	73487	52636	51590	57897	74091	60258	20660	94823	33143	92864	37725	44181	77656	31345	55819	12329	58132	26530	60946	81500	30399	26011	53087	12765	51520	80305	26802	74049	36020	85130	92076	11144	85695	58760	61968	57522	24508	12178	83111	68123	64743	18612	40931	29835	24622	43372	17828	55935	59596	66137	74664	72548	75323	31070	82061	82089	66617	90902	61101	93035	37983	6930	37658	39135	23653	12475	61967	73469	4957	77329	23239	18332	58624	33081	70137	71452	64746	4815	14042	63542	49837	88508	2314	18319	25103	65323	17972	84256	98318	37326	19118	29148	8364	42405	86127	71356	73299	89519	97489	45297	68996	38769	43681	7187	44993	93016	3349	90149	67573	86281	82672	87042	35639	34201	15291	85698	37096	84135	87740	25392	35401	9452	77528	70453	40463	62547	83136	2664	27096	93846	31361	23494	99126	83443	67238	38102	54272	91172	35936	64435	32698	26194	79035	32110	79123	68842	58667	23180	35213	98594	93610	35295	66513	82214	83241	35142	57837	46224	53713	45968	9932	67316	11037	15390	90325	3717	71982	99980	18577	72305	2725	62172	78120	34855	10781	36682	98028	85572	17784	33454	81605	44322	31832	84678	38430	40345	29133	92460	13904	42946	58265	79623	20488	16790	73634	46653	57047	24917	62706	46597	3383	49282	83695	30970	55221	8171	68530	43404	80416	24999	42694	22513	84396	48991	60569	51458	63317	72808	6032	89531	47035	17992	13868	64628	91200	3818	57122	20755	6310	1161	71497	65811	60278	49694	23911	46356	18713	55801	66250	18062	85171	41670	94268	803	31466	29072	66968	31149	22190	66208	67528	55945	21603	32639	24808	95428	17289	46032	17113	43283	45226	10313	64168	89150	1251	28368	74533	35277	59454	79545	67626	77072	68911	44609	11015	88232	874	40731	19285	28500	50803	25279	85181	12959	97874	56796	25142	79286	47633	5757	10064	20296	78435	14591	610	51745	69828	35183	77946	2214	12263	9237	952	95203	83370	15922	3766	82335	47404	22739	53743	15066	37156	26350	12372	20459	80436	89825	61619	62825	29610	68314	34038	88788	59598	48981	38003	33809	90757	50667	81765	11382	24528	41563	76230	44717	70852	36634	65657	15506	83585	15923	59989	70118	11893	88918	61159	8156	51850	8879	66960	66322	62912	4237	88649	32779	93468	40750	24295	37835	37913	43113	65944	32782	8637	85751	10157	83493	74119	67966	47666	16718	60356	38012	47320	44847	65441	13516	16756	14862	5467	51480	23233	86832	21554	66140	2784	91244	74556	72050	80576	55307	36256	79128	91711	24852	89978	71088	63325	36570	41268	70720	85784	59171	78185	98960	77883	94206	60577	64959	60195	1242	11554	27671	4310	23926	55646	96613	6298	97621	11776	66490	8228	78255	84743	52957	47995	87000	69108	58792	84384	44912	16518	5796	49090	32270	58434	18209	42960	80232	96395	13903	35977	34306	80369	79900	2351	40849	65446	87881	51930	47786	12971	37225	25067	15273	84156	23366	20859	72507	85821	67270	18505	78342	42303	7728	86579	90873	39447	89405	82470	3565	9770	3832	20945	67841	95358	32366	7264	94405	28517	70642	82249	2312	26211	63951	71364	57686	19275	39721	64553	42317	498	88782	82321	72511	51077	88031	49535	38584	52091	45545	6640	99545	67373	37681	5236	50470	26150	51952	53626	67058	65828	60134	19546	32761	69772	72334	43774	52838	41127	8269	51214	66197	51548	67332	69815	75859	59211	8518	84161	79683	16583	40664	92290	56450	10597	56390	75175	32461	36157	14966	15092	37382	51508	46	56229	88792	56817	97970	2152	72968	52262	27480	41226	15748	80954	92720	63729	67676	66067	59069	55907	21465	164	11448	30566	44160	44067	43740	90659	19701	65143	6732	70315	34310	9359	80452	20771	93649	2336	50442	2381	48730	75652	36719	4346	6437	59043	77153	57675	66749	9244	61368	60864	64391	68824	25995	80345	79	89761	76414	12147	92896	65693	11923	62215	60671	79319	46089	41993	52964	19416	49774	19024	84885	23285	69193	29205	5537	86594	21245	36309	66390	32324	81691	64433	38624	87204	50311	93951	97472	63716	72789	85507	89759	58290	60679	87733	17717	38236	52071	65301	59090	83455	19074	13191	43526	58465	67281	81239	35804	19795	4734	77936	32739	79586	61134	92534	50343	58684	49064	13269	39212	30052	78733	59420	39809	60733	93968	57509	77467	82445	1130	2799	28990	78319	15546	96181	55715	5028	64390	45886	71575	81121	42434	56502	16246	60355	48027	72539	76062	93136	37193	58932	19733	76060	33874	2689	72595	40712	83868	3789	3278	77092	86080	67317	47665	26711	9586	58723	36552	14548	68386	23422	34143	42202	99795	5684	97109	57799	38338	34941	88343	16685	43112	29749	13615	14382	40252	66487	98104	75427	96580	73449	4197	76458	68032	66188	64248	68010	13162	39916	94644	96587	11414	9324	60401	51305	82389	88430	58340	34160	88840	98814	92467	63774	24465	89296	23928	68992	55676	64474	18377	41566	35457	39471	12912	66203	82344	6505	3194	9207	43730	86864	4294	2728	71829	46932	64061	36471	35678	41734	89985	56759	88666	91631	10122	69271	5864	42397	17339	99408	61433	41790	87424	62494	79009	31205	14119	48556	14333	82218	40440	57096	82432	24046	44725	15388	5372	13827	79519	87210	65322	10019	90826	40566	22143	56045	6755	53802	94127	60924	52344	51252	7809	52479	56195	83735	24785	86008	17665	82571	18642	40726	41281	10898	43979	82029	91801	46585	16706	61871	6706	63270	23383	54825	1283	42820	86375	42844	7419	66345	58647	49600	88308	40078	55380	94135	3863	56921	21855	99207	74531	39179	20552	10619	53708	43861	80352	64716	59894	34696	38511	52169	64135	66394	80971	5291	87938	88921	61735	41075	90863	69437	17121	82390	26199	33434	72796	36970	4964	67938	81416	32929	39825	22723	56784	17861	33020	36267	76742	91554	97046	16341	69594	7563	27055	89997	82973	97744	14358	8266	44718	50935	62750	3533	82412	60649	44383	76790	646	9302	31700	19331	82126	18629	66914	24717	11740	35640	51554	98064	62729	63473	61279	15435	84566	89526	83630	8256	84641	91437	52267	34045	52869	93850	64609	98729	8603	6358	31633	38427	94293	98542	60033	40137	88431	826	79554	94064	3956	35184	53988	48836	36924	62510	39718	75579	13339	97021	31021	42997	57044	18175	24413	58334	9797	73172	35901	25087	29888	11209	46689	99417	99550	93651	40544	98971	48721	30656	93736	61014	89580	5394	85839	70643	49160	91042	9551	50248	31709	98046	75582	96198	42119	74529	64395	87158	87134	77046	50150	66332	11181	15711	13321	91067	66527	56405	29941	90527	92250	88401	17631	35895	14953	2094	59502	4998	25399	16402	39959	83848	42712	6575	7584	71742	79835	97937	90964	35148	98049	42174	25961	99941	22078	24762	52929	76612	6664	29573	78546	62704	45392	75297	99087	14606	27901	94584	44510	46276	56554	77362	53877	70774	22457	54093	38648	20777	90469	46591	40509	39268	85983	60997	9314	11453	81555	7992	86457	30084	14409	8430	46081	906	13223	66159	55152	61805	29715	55602	82284	7969	2613	26297	92316	44155	57301	45612	27101	90231	6319	52191	55962	76483	87731	48413	99718	34885	49058	90749	38523	44461	54468	35563	69787	43209	9025	48987	93501	87418	98710	25858	90934	61275	3040	62715	55743	79507	22615	97544	59665	34205	82862	39706	78358	77868	11166	92826	23186	65130	72129	92008	54148	99011	41718	16390	13134	34593	22340	77211	23024	6138	12917	99512	29276	56481	84224	11999	67976	45310	51897	85951	69283	48076	61873	86949	6946	14133	73478	33096	33772	6000	85388	99239	40586	44642	73532	11808	54788	82336	9767	21349	91605	3957	13314	89325	20326	84819	47942	26426	65492	61446	76990	82705	32308	16100	53091	48999	72262	13235	94649	97063	35642	95001	29943	7137	91342	13217	37797	3231	99186	84814	19097	32518	34884	60338	59155	17848	33777	9468	27908	59804	19196	14618	96513	62792	6612	91528	74256	29692	96660	32730	88336	78739	41861	6741	33698	62719	76988	28593	23471	55093	80336	61239	96834	34823	28850	34809	94680	83498	88937	91858	93204	1635	43703	73275	63055	75022	71931	29319	56556	71371	58108	8522	28006	48947	96719	20050	98112	2433	63866	48895	74207	71548	13135	12307	67885	15485	19603	49264	67548	45086	42188	45583	62760	61212	24485	2392	89067	86009	51648	13526	75979	49665	30925	9742	25527	22676	20799	47770	92835	70076	36065	97424	90331	6338	6219	29503	65621	92822	63229	19596	28454	53723	93331	38540	25629	97868	5329	97978	83113	97660	74967	14235	57687	20871	9907	73644	38776	72885	69040	66922	32258	91979	45644	71582	98445	75533	25767	43299	18046	62100	59767	48885	91808	92808	50744	6520	10701	99994	39041	92418	35885	8705	82131	966	49782	51823	95306	94366	62737	90799	79318	87636	96061	37949	20781	32609	21875	67347	12492	71626	48686	13181	37731	31056	17309	65421	43413	33953	81125	10737	27801	81506	52247	16077	4216	4482	25736	11779	47873	34128	87761	67942	54699	32818	79647	43667	75286	91490	59877	50699	38631	70391	38765	25025	85758	29198	3073	65361	89779	67768	28570	14425	26056	56226	48001	64183	74397	24351	45632	8323	180	17469	29081	67400	30047	92711	56406	50609	35045	11533	66214	89175	7976	96054	84262	32512	48172	45921	24348	23438	2890	4628	9577	55450	31670	60416	66753	28387	50271	82514	305	36745	75916	49566	14890	12585	50302	69994	33743	58311	45858	2862	45329	43798	90421	78317	53735	92274	20251	20831	47066	59943	1119	14058	32788	14703	9927	51888	73248	38840	52978	49857	76126	16227	70288	64166	81193	62112	22	15032	94592	36773	16633	75195	95762	50134	17814	19640	85201	40258	1586	1139	33484	65518	61731	14832	95232	91534	63155	34518	88366	59220	88973	64446	8804	96135	15595	21615	67139	55083	1284	46297	73677	85284	83516	99521	89829	53858	66594	37351	85897	78548	26610	54617	28316	8350	33022	45889	16290	29601	46000	70611	58351	11237	8828	23457	30611	66464	36197	11341	4930	18379	57028	90043	97111	94942	24414	87219	50021	15284	81869	90179	11024	68371	76151	61291	94817	66589	77327	33912	92803	9930	91835	18141	21992	3589	14437	34465	92118	62202	75407	38626	41277	168	79142	14495	98032	32522	53989	36577	32723	77142	96508	57456	54269	98577	85061	94511	79772	55249	89554	42626	54196	2410	39025	77861	98453	64744	37395	61549	47668	9752	32600	82822	4967	70304	78777	49116	47068	73167	90834	62614	29462	19247	64906	15036	29542	76631	36896	73945	39330	43997	2772	33883	34756	11561	11663	61175	91682	96676	25615	90314	19557	8943	16403	80059	73512	32192	55996	41615	24679	48750	64367	81985	54336	44658	1380	11140	72961	83528	48800	68564	80130	13308	81082	92447	36732	79381	91744	97312	6682	52607	21526	29270	73932	29140	76672	31163	45863	25267	19191	39223	71948	61071	64424	98027	91623	87309	1164	55826	14287	12201	89062	90403	79071	67769	68840	4857	28419	36461	91159	84565	90138	27667	24464	53524	17282	54692	39267	8262	59688	26976	63362	83100	63357	28182	49310	81914	13810	89743	7691	88182	65733	74865	35929	63462	31377	88942	99648	16705	41227	69482	73351	32808	2306	80706	79407	94087	11992	30773	90249	81476	92313	67735	69573	67083	24560	60554	56188	54000	74796	90140	4266	22949	47008	79161	49402	28521	56196	45483	15482	78958	40249	5583	15982	66149	88010	16309	25536	29704	92846	45652	9973	74852	68298	38055	43322	44705	74962	8584	98621	87088	53968	41680	74557	49416	74537	82972	56685	64791	7837	17428	55368	30920	81799	28082	11790	56380	51322	71083	7671	46535	54040	2322	58275	37403	19253	46949	88896	48118	71232	93572	35268	68179	52165	85620	8645	29792	1757	27583	59256	68173	20915	99288	42404	76000	83923	19068	16674	66790	8784	60788	87380	13124	38935	85215	45675	82139	7597	26694	31797	36398	43780	61437	19354	46408	88390	12292	44255	94944	67266	67502	45341	35663	74104	116	36925	3022	58660	77378	78976	24397	893	26928	88648	8924	60558	5967	71207	36397	72398	45598	40834	12144	42589	91996	16545	38526	90557	79352	9781	95442	46309	64967	22353	27977	32249	80682	39945	74388	26203	38905	6247	49198	15373	79109	73188	41289	47913	71307	59318	30235	1712	12706	64723	42574	98041	29439	77986	59862	53178	33156	4853	92548	97313	15512	42917	84060	45974	28292	67873	53948	33766	21412	90453	75254	469	38463	48670	78246	54774	57908	95601	26728	24967	29718	26142	47840	90468	67805	43043	20329	79076	49068	94136	50933	13609	62828	67529	14395	32526	73940	28789	68979	81622	55029	18579	31208	75448	70689	84470	35842	90298	8176	36564	39683	94241	88509	7099	5488	68970	17981	29320	18237	69955	26538	88205	19706	70787	71034	38259	79875	65183	22875	20173	40253	6546	47823	62620	18390	94757	55204	22418	91911	36980	93423	77827	38581	82976	63233	57348	57306	96593	18880	83035	94435	5869	47385	74012	69929	97716	13065	48257	79991	78413	73968	89768	98124	86571	15528	56449	18435	30099	93399	93645	18309	2183	49569	61385	93992	69665	51118	31812	59623	78524	89395	98859	30623	38315	8832	72613	31396	26509	51781	62554	61886	41752	79522	36592	3139	78290	54185	64973	94002	34303	67282	69056	16969	85077	50139	42555	78340	99019	27066	91577	61299	99425	74589	35575	22604	28603	29176	66192	62281	3439	7845	72018	13733	22763	73128	32373	97263	11727	39910	27868	88587	20849	89905	49135	80662	75132	22538	66577	64212	66998	7746	86252	6327	93084	24406	76912	70495	24216	74050	25960	71525	51231	51552	30701	88943	61719	6509	71218	30061	28408	25859	44432	74970	58822	86446	1261	72983	52328	58714	70022	17525	94474	42332	77507	92139	12769	77752	77319	6487	25950	44224	36901	49904	33264	12396	23069	18231	59170	29386	23127	8170	84346	77401	1338	46208	17239	43938	58195	23086	29621	63247	41805	24496	11585	42874	41267	21776	45411	7368	81567	50813	31685	45280	11937	62643	41387	35554	31771	99043	45340	59096	15931	32033	26898	25078	85946	3196	69577	90853	62805	34360	71794	32075	26954	97447	6137	43443	47407	38425	32625	6604	9765	51217	56311	82168	9509	70240	18520	12112	83380	56220	67975	51038	71547	28080	23602	43091	91795	64355	83031	40309	66673	15479	71784	87741	10411	80686	28042	793	73176	47029	1486	17454	17415	79238	91635	74314	54397	15883	58686	10768	31711	66064	18123	21258	29574	10789	686	97162	63085	85524	58284	18136	92326	38007	84635	87232	76210	15209	21408	46283	89708	27018	50931	76223	38280	17279	62524	30392	37297	52294	38067	82519	69618	78562	2401	50943	14634	69541	13002	98893	14352	28930	30378	66021	82365	71300	39027	25287	44824	73980	90433	54049	46525	80120	97755	8062	84136	85711	95912	75324	24132	70841	30427	5979	95516	3473	69400	3584	39940	56667	10641	91939	97717	97998	91178	83978	64933	89484	92984	38764	67813	34706	89332	82418	99458	42503	81531	89942	49612	1240	58138	24460	68785	50895	67611	68559	51778	83621	61507	81709	99068	13994	95636	72237	17031	45043	68431	13322	1316	5918	756	82827	25347	57569	78000	99609	65994	64572	22125	11777	42957	56490	95004	403	12261	59981	65252	33008	30456	66131	85809	97528	81510	82162	94506	55065	44855	76499	84894	3609	94183	33726	15053	70636	85841	79997	28116	80726	50682	30891	94046	33292	27083	69513	25612	37337	60292	70932	7668	47603	80197	32266	40703	24971	991	64685	64211	90394	53447	47833	65796	23235	76251	33564	86546	5636	44921	42799	30338	27627	19529	32062	28781	56200	63675	15909	26132	84115	79884	31626	61776	19575	1992	37206	14759	76314	56969	16977	14875	68650	61565	67801	5509	35909	76383	55038	81604	538	93918	65349	6950	31929	19004	59925	43297	52847	70438	59639	23907	97036	20372	28597	77841	39540	20830	73723	1682	60097	34882	89401	19753	62466	85192	55370	80459	76317	70746	72525	23729	76687	99549	34018	53356	40510	73304	32830	86506	62544	66135	44452	96552	56908	15450	15235	46878	23125	69928	11175	96253	2564	11060	88525	65531	15114	53638	3160	57823	35394	9493	92148	78826	69122	75663	8192	78538	640	47947	55119	6911	95248	89441	70088	44760	45130	33496	73857	86298	92421	89565	96782	56073	78687	12768	13301	96566	66443	97117	17605	81343	91935	12762	66374	34796	32273	14464	32909	11469	4926	86773	44198	76159	64055	47286	90190	40732	87328	61058	67224	78871	39824	94637	13480	23644	3044	60871	59533	22487	55427	98081	33460	86416	79096	41076	12143	86091	72508	82045	11751	95580	74959	1401	47897	37387	7073	68671	27586	55139	85482	23493	50290	45571	36883	59334	81409	65587	71689	55058	65583	81284	99527	93421	46090	2139	85580	46926	20008	64597	167	82643	78325	52156	11970	29967	99147	94921	42227	55937	98050	86587	3007	59314	64311	99212	10193	69998	16399	52573	12314	31822	31946	1035	61665	18660	24561	58966	77292	95735	15290	40295	90688	10334	33730	7948	72917	53672	6685	27353	6268	12018	6500	47707	24218	37021	77293	78139	30430	53502	24602	40975	35969	33754	7570	59191	8967	63839	64441	6119	17501	66875	6236	93157	3170	47933	69180	29288	62752	32355	58299	36486	61397	16411	19879	66314	20131	99076	4424	40455	47101	58799	55432	96615	2897	61195	31483	45421	78210	4835	4211	39459	19770	87016	36102	17146	71736	19095	26697	35259	22796	40233	64564	57215	37982	74125	83909	94381	64263	42702	67865	90184	8897	72231	23794	88261	73919	42226	55361	44689	76921	78038	12395	97279	32913	58921	39114	13687	99952	76077	69800	52151	18328	87767	45860	37315	37436	42613	12814	17414	21646	6432	36619	55563	42686	7306	4507	59234	99386	26218	30516	63105	76660	42106	4753	43796	41425	57618	14976	58002	95163	7653	81457	586	44806	62652	92043	97734	85965	81177	46169	94458	31135	36993	41156	32914	94388	82557	8531	75724	94337	45274	58079	76103	25637	92221	3862	6927	87101	59897	38013	79965	27324	79945	95566	84653	1559	41813	31647	68062	56638	57437	6179	55749	86245	66469	45066	80558	15137	96189	32740	45841	73838	33228	94626	57581	56684	52601	91357	8420	44011	46229	11408	25106	23803	47656	51072	41386	50877	92879	56665	54062	59936	32204	75375	49716	28818	97828	76407	46929	72671	9002	87555	90271	70715	40969	37123	69645	75802	45242	43672	88724	7362	61511	33498	72638	62473	48279	44175	64639	53173	96009	21419	45148	7430	39632	50595	37503	26399	16496	11704	38504	63781	86834	78089	7609	97311	7937	19816	80668	62653	36868	40298	12468	39509	17048	81048	68351	9865	44809	73315	36037	51301	8654	47861	96865	51812	70178	30792	32242	86962	91580	44410	36491	65849	91206	59204	45026	86866	79360	17168	54879	57993	23850	21024	71249	96228	43087	84672	4154	48953	59732	84788	68208	19388	46832	97010	23408	41827	95432	54893	7271	3184	15733	23387	16360	16327	82995	54999	29194	51705	12680	20258	70396	7582	76335	10661	28806	28770	70209	29777	84061	33718	10720	12647	85058	81895	42591	15444	24473	71276	44368	24948	17313	86392	42228	77104	26456	17244	61047	2746	38156	37360	84868	51320	39048	97514	16949	87721	96418	59655	56989	91772	72130	77210	45729	45262	99469	37760	47532	6357	45752	18098	27109	10512	67814	80776	66757	57790	17757	31193	72447	67513	31704	92697	28142	86867	50242	23612	66294	41323	85906	62120	28843	83381	42954	58020	81952	60867	48654	40409	61431	40564	69053	52808	96017	35915	99831	25639	48227	29104	89689	77217	57580	1500	28965	12378	16211	54253	52364	62289	79805	53050	67414	65566	90440	70464	56814	86906	56232	8570	76972	8222	81723	5775	1088	36	44330	2886	46360	39402	82270	87598	97429	57949	94582	94161	23473	83770	28239	87734	7767	93372	20071	71111	99166	2913	69909	75734	84488	23843	22368	15285	81870	72623	51151	52568	70688	18866	60901	11373	93964	57342	21118	96977	29751	80268	56333	15127	23467	25725	26063	30498	5178	55122	75703	695	98688	87153	18024	6178	12696	50741	1342	30135	61575	290	32868	40938	55518	26152	7426	85541	38681	5048	82700	41097	93178	2483	24435	13438	44612	49334	76226	2789	27141	19417	35930	70330	19848	97762	51285	90735	60726	74483	46148	37922	14829	28853	62788	95174	63819	42843	8020	90099	61995	26034	711	58014	94306	83392	99344	61616	40382	75811	48806	72152	23277	70635	877	18045	37682	11975	30709	37697	66684	32454	79976	38068	55298	73902	51238	79672	55631	55198	57324	42413	91517	16802	19839	55546	6017	88213	73142	57098	21433	66801	65236	93287	49505	45141	9298	43569	44932	38001	96252	72987	94896	67185	43538	35139	89602	47822	24268	4737	16968	5701	45210	36582	46611	81638	7913	28281	63840	27168	67209	92631	70229	80033	2927	27629	95905	18764	42439	16092	30692	29548	40265	92837	66216	92816	27858	35064	8996	48748	71707	57633	74625	45566	79785	69905	37851	61811	55014	76328	76549	55722	45697	58588	24281	71945	22419	3221	64612	50330	86617	36752	61078	54371	20263	46262	12751	49643	70313	8724	53589	43117	43460	73782	71400	7416	2907	82821	37632	36333	44379	13990	21285	79391	28482	28797	91239	2273	71633	72449	33177	21360	87217	48059	71585	37763	28741	38276	73551	68896	62609	40242	18824	23699	61552	81425	96732	65335	61172	57694	80185	22321	69168	6014	89082	14389	51918	80317	77184	73631	28809	74661	83518	82064	30130	6446	50481	79963	22959	81085	8527	92797	25670	58475	71740	43242	80970	27729	11580	77223	7739	87429	15102	21035	77267	95734	72630	37644	11597	87655	63453	32361	67489	64891	20198	11466	17498	68908	10495	51807	26326	53472	45638	4153	27425	39347	52968	83470	33540	97215	29116	82982	34675	59138	9152	55319	98316	84615	10957	89131	27683	30827	4156	58054	50774	65437	64244	70001	44326	67821	62677	76761	81934	74986	73589	74549	92471	37654	15162	60889	84838	46222	51479	6768	89858	32534	69213	57061	67189	64307	27056	43758	81135	57830	92760	92918	56682	8293	34094	46214	89207	69910	1775	37497	27435	42829	88441	93941	34743	43036	93991	11547	78953	56655	77384	17035	56469	44344	47314	43984	85746	82426	6934	90632	35102	5200	8906	39495	46978	20757	25996	62513	6155	67242	19604	89888	89120	61725	32439	50234	14327	35954	30733	81867	38309	9679	99284	47332	28749	41540	31597	90672	8346	57573	40559	85032	88997	40238	30481	90300	9473	5483	80112	33331	85771	89866	70808	8783	99404	14490	91791	22335	85586	72687	26632	98638	67693	9014	53424	9849	40275	47420	8505	53358	27375	60760	89369	90538	53864	6948	67609	25948	60683	54652	88385	36392	99107	48680	97914	18301	13101	72146	74926	81588	14441	97122	64509	35614	28612	11648	99041	36962	53401	90745	14776	92093	99120	18501	80234	46165	27835	47049	13173	51810	40476	49901	19750	3481	35780	10613	32163	59511	16726	78942	30085	31430	97898	57974	27779	43023	78766	14104	74217	18819	99784	23573	12183	68102	37254	23403	40822	65131	67967	78541	21827	70351	72727	87590	22536	32385	38026	90648	24691	12149	66858	69889	31421	68722	92054	84494	61182	29255	30114	49824	22830	18573	47923	67265	30572	11881	77334	9394	93771	76877	7101	55968	20634	80574	77559	98550	36142	4432	53387	99403	45007	12753	12635	47132	44469	27149	88660	37531	18846	29929	16161	26493	83821	12030	34170	92509	87966	54477	46870	11884	54320	73569	91217	31253	29277	43432	91060	68835	63533	48662	76895	8887	62336	47801	58673	23135	46352	88523	61855	1015	12122	64021	1654	77921	46175	92859	63496	77617	83290	97	70247	37742	5658	77091	7554	32022	27239	40375	45150	16835	2775	6004	18457	71264	8542	20845	48355	74961	39053	74543	76641	54324	16692	93615	65950	28074	59537	60795	74063	69039	94387	53874	28388	4111	5346	11118	17855	64256	92712	81496	10866	4086	83202	75955	58292	86869	93691	6242	45738	23678	61443	46385	86342	71101	89503	40728	32179	2840	33792	50704	56138	86220	96288	57444	58969	72278	36404	64986	72535	80969	246	55244	2018	18235	11277	28721	33463	9113	59675	38074	50637	17691	77187	48728	56303	16115	48980	76340	32222	35799	51828	13469	2769	77482	62237	44661	92814	9970	36912	99804	29699	78195	60438	86238	52385	92232	73202	56940	14930	13187	98367	92895	15683	70489	4076	3752	17785	91318	73436	4102	98152	33593	11654	72985	97919	73209	11020	17108	4209	22146	33398	56240	21088	89693	17899	55549	55687	69069	89323	89747	31300	7542	36075	90695	28320	21528	48109	20506	43421	37753	82140	46123	49056	34625	84557	26566	11717	36179	19264	87751	90375	89254	68029	65002	78266	64226	1614	8109	43765	76013	65333	46310	87023	28350	69851	27469	6679	19220	30208	88112	9873	38972	41844	73743	59838	6559	16672	41240	41930	44770	22490	59980	34299	32149	48072	79833	30735	94348	50710	69345	69636	86308	83001	86194	43655	58750	95859	1137	29420	74875	80415	44260	71472	34276	49047	93625	56133	73336	72172	77762	28232	82680	59711	2598	85843	43610	51893	19079	30746	70795	99056	63808	9813	58694	33519	64111	37581	97814	29780	53958	1267	97359	23480	62568	41411	48524	96109	67727	63455	85562	16014	52175	18999	39231	96624	99205	6300	66978	11676	71144	5963	50153	52198	73470	52954	48509	56238	9036	25054	29419	7891	90054	83671	85508	18884	91416	75139	55091	10453	76311	4910	1919	32781	85773	23030	29886	1914	93657	72148	90776	56711	52197	32362	82721	53052	65595	27842	62813	91732	79740	63494	18863	82130	78714	29857	32752	83609	59948	68799	30557	58011	38044	41816	73086	16371	19184	77136	18036	523	19741	46182	54919	73618	18622	4546	23454	8664	16497	14861	79055	80278	15515	4308	54875	81481	4927	18996	88881	87616	16676	26358	8855	86228	32939	89292	19307	71831	52944	87293	1184	47014	95768	21332	27865	96565	57034	50288	85280	51545	36358	70971	59921	11343	98307	68522	69633	30873	80613	72498	72100	42054	10766	85443	61917	52561	2691	27326	26207	58203	41202	42823	51697	61324	77259	70362	64714	36559	14216	62464	1920	41737	88176	64379	70213	53570	75766	54366	14923	505	85438	3337	1359	49773	68635	19115	22563	61327	10569	80146	45534	98952	3954	43915	9340	65061	35363	16197	67363	41119	79119	48252	99110	40987	48451	62484	8818	4919	37405	29331	45092	7486	699	71885	54407	14612	17563	8030	34501	93179	15200	19780	73690	47298	90514	16855	11813	14507	23590	31000	8663	77322	36111	85358	90065	12019	90395	98196	69680	34356	81504	57945	61448	22531	32854	92129	49585	44586	39786	46299	11480	10811	60551	91069	7507	79822	44246	15610	43031	43650	39558	49636	18089	42944	80407	27755	95335	49645	54596	74076	61792	48167	39154	64837	49972	57656	81991	59258	71781	82345	71265	38383	87762	88485	51449	7308	9575	48478	99297	94749	84385	50626	73646	56140	65640	99835	26851	90828	99454	65788	14935	3538	81856	5631	85364	88712	3611	23533	98423	86218	85855	26285	75861	44672	74156	93224	59063	33401	79401	64053	84485	76576	45395	23942	18369	22174	69746	55981	9672	19212	17250	2578	51714	21048	617	7873	17585	17513	19466	39122	62433	43625	13081	50729	75862	22627	20145	32941	81854	72980	99909	36988	93526	12616	25520	59023	54863	62582	82610	77449	44745	23848	77001	17755	16519	63422	8459	92669	55028	50266	27869	35860	38275	73151	34552	48862	4522	18871	85037	79763	68448	68704	31431	29080	94275	96403	62068	83877	41004	7280	22216	80887	6115	75406	59341	84744	22760	72381	32894	87675	92887	48921	1554	56147	99329	49675	71222	17002	19734	87876	43910	66561	42796	45087	76296	88242	88047	90473	44902	64481	8444	40966	70161	20893	33927	4359	50515	27635	91017	17050	31384	99394	58748	63835	58920	46351	42858	77548	5389	25196	60362	62149	23515	1016	89366	89887	47350	41208	53563	87776	12500	91345	71766	48712	80618	4577	49480	90462	74007	91826	13057	13105	45666	71739	56718	68731	44607	67143	51503	40545	92783	83301	6933	70964	90255	71196	83004	49479	82246	96140	2610	20587	27384	76412	42966	97578	37432	19398	24956	84220	99674	18299	42093	13000	45286	85898	9480	70454	5233	35870	40100	3041	8665	21751	42662	80757	45080	52511	66136	89314	98180	6939	23310	92821	15705	8859	55861	48393	33641	95398	47602	31650	37717	23190	33764	31658	56511	82794	45072	99222	28774	24833	29225	8563	84328	34966	89583	35894	78489	62601	30826	85401	5695	53661	44617	33357	92782	86595	51988	81113	73150	56425	98309	22508	70552	95872	42384	85243	59979	89224	54691	99675	98267	61850	9832	84861	41529	37969	40167	76865	29357	42166	32296	16623	75351	55674	93110	58532	8384	76960	57064	32438	94234	53344	87408	25787	56493	87058	4474	53668	53471	84634	10919	38076	29283	29939	49369	90237	42596	69389	84452	50942	5409	32595	76150	38475	56242	10706	14892	46885	88517	48608	44746	6079	40074	5589	86178	32480	98082	17228	27654	92581	26277	98006	55146	18598	53984	82674	99295	97612	64193	70709	26060	63314	1293	3054	44650	84815	110	30673	86790	86541	98746	12491	30928	88448	39339	85453	8203	80271	34358	67613	49093	29224	43168	92106	43232	3805	64570	52974	83358	96711	94545	15427	59278	71987	36221	39668	42905	36842	11461	19082	48723	53206	63588	14608	4159	65295	32905	87161	99169	93267	99158	10576	86255	77649	10834	27889	16268	28691	965	438	89819	78793	17024	28310	62413	57666	42628	2311	50261	53487	15626	22709	21407	61225	3854	69548	58274	78973	13347	62104	63291	54114	25751	94943	9774	76606	54839	58671	44251	9245	55544	4575	54673	1280	51885	48825	89621	18946	61458	91025	84598	71832	80187	22428	13060	37148	67408	70562	61428	27494	92526	11344	56395	8875	85214	29012	49952	32410	22297	67584	27724	26272	21260	86094	60648	22366	35658	42629	64405	99322	88667	84285	54362	51046	5921	67646	36377	35759	21701	68705	98733	58035	88547	46066	13283	82320	63671	68913	2519	29506	54026	12055	10879	27685	25922	27473	72984	37616	93494	95168	20421	81360	44075	83825	98904	59854	10785	96294	80717	70573	88265	39323	32113	39855	85653	23789	14560	71080	63083	50975	9486	68607	56880	96316	26307	37775	44599	70619	59028	8177	60109	37050	2223	94657	38924	12081	67305	20985	52991	12214	85609	87594	1508	31940	33880	79489	32115	74503	93602	40997	29061	71202	42832	71934	28299	75055	20141	99163	57227	1445	20070	91425	62353	87691	93820	45265	77990	60590	57373	68289	38577	53840	77917	38407	11163	89515	91160	5872	10230	78349	40562	73706	50737	10367	72696	62988	278	57881	22597	48910	18748	58516	32709	68871	87155	21965	54389	72647	82748	8403	95462	97549	59035	53037	12385	70534	42437	23499	50003	95751	395	82325	15801	50903	84329	72552	78320	93235	45237	78553	20413	67810	19797	18009	39858	7591	38256	23087	84299	88223	55430	15728	59847	23058	36051	48235	86578	42051	38883	77054	17394	44333	88095	49557	36845	84811	97561	1436	58186	41104	25868	22442	80083	67538	10949	55894	8779	37722	97002	5708	6902	20652	19186	70049	44781	21041	29520	61256	28181	64881	24246	55425	19763	3803	62246	9296	27959	20597	59024	54784	19334	65816	53861	50211	75925	86284	60146	12340	85520	66311	51982	91892	41896	63364	83761	81752	41497	78483	31880	65169	72615	11796	87208	64541	76611	28689	40191	8426	74094	73349	48034	36501	48916	84530	184	22682	21735	91306	67309	5363	36006	1043	43934	6795	28081	17063	27726	40999	81997	99749	80012	55971	46784	73697	88603	33097	66172	344	54329	32398	4490	96850	91456	7685	74616	18202	22038	92472	23704	68585	55134	42561	51803	27987	48804	21568	22196	96227	33816	27819	15407	7025	77361	31110	9185	65804	10709	4130	44578	95118	57611	35136	88581	30174	72467	29177	16922	27178	26274	26940	45172	96966	68813	16599	7160	62311	56730	42696	35755	8628	92379	73537	70793	43086	87030	55366	55461	76457	56890	85220	95971	56330	49143	37945	72187	49686	86966	89115	38263	44523	50419	90232	77242	88991	95201	17748	59382	71544	4908	25828	69923	6151	27399	25061	36340	57005	95926	96121	11492	93099	42989	97951	16270	76485	1871	8014	46172	55729	58392	70125	5528	75490	19414	82034	47966	9580	95122	69494	2130	77555	32365	85778	85422	48437	76101	18872	2676	96784	65399	6447	38722	69681	45374	28012	28346	95865	73071	70507	12199	53273	75548	85114	65031	46536	88285	21076	67040	40752	93417	5311	82559	92	69623	33138	14027	52094	64487	96705	29052	27216	59811	33935	48868	66548	88955	80190	89971	3332	92793	97321	60455	30562	57636	98980	17668	70297	41786	49979	98543	44773	25856	54087	38999	40567	17623	36622	4650	62029	77323	35544	57933	7625	23971	97974	47134	86221	75093	66206	99202	58105	41249	98836	87201	96001	20058	27331	47099	20164	83271	75669	6275	64608	78224	1591	36110	29037	12519	92020	93845	13467	45441	24022	739	90248	15490	88202	78890	98532	24998	22077	92701	
Tableau T2
29590	24015	63652	44785	93400	45799	46999	30476	42058	44425	35488	87812	21778	5489	84176	51773	15039	28450	8943	54752	18039	72358	69152	11370	70428	9907	6098	94080	40026	79561	27583	31265	15792	99672	581	48180	84505	93087	29534	51519	31414	66831	78559	21465	74266	16014	90410	64824	63409	93975	6831	57188	48621	6462	33286	6253	10382	1841	43010	17399	79309	39355	69138	24563	92550	15138	26201	10922	24448	53360	65640	47506	18395	74542	32213	62979	34292	22668	89115	30403	53719	48638	36653	55517	21634	82305	59896	82353	9298	32507	56628	48261	36237	38783	81478	99192	16267	53168	76533	31063	82657	17597	28679	75305	63723	51179	50456	56869	52694	94384	23383	98723	23719	62363	51868	71632	90475	95602	59401	39963	12028	68787	13181	69004	12045	2523	17807	53589	92243	85957	91565	58464	55279	19851	60816	66055	98876	81192	20251	28259	82866	55742	60785	93052	56116	78034	30385	25408	74428	72885	94607	45871	17761	53886	17936	4914	6786	76947	36193	31595	96626	14119	72372	66504	56352	77309	93048	22418	96481	76138	86995	44834	3228	61529	7615	1554	92530	21192	36287	84753	56904	34863	29693	28656	36403	76449	52161	62106	84991	34699	60335	13729	26940	47961	59326	64979	22405	94168	49489	18444	59150	25878	41875	35300	85129	52325	64532	41801	45045	21055	6266	42215	6405	5188	48838	14820	72680	43070	22757	29321	19321	78373	74671	68378	86533	71007	83903	77766	5045	28991	24911	3641	5047	71246	47536	91727	9645	39847	81795	44804	81778	50108	64215	76327	38116	57399	69951	38125	39507	99163	22991	50849	74148	15944	18899	9785	61122	60285	25228	23300	48034	87511	61000	89535	73777	32472	74685	62983	26044	7907	94274	60776	22620	95140	25929	6804	14588	7276	93437	71536	31784	2266	73204	74056	50772	51638	35089	83267	98438	5206	74809	10769	19649	84579	30447	76896	57934	57174	93358	97454	44681	12316	52259	55481	10886	94009	37637	67186	52447	41481	64306	17905	29467	47489	39911	22753	21628	32211	32443	42748	29028	85104	71417	42117	76840	50584	96289	91460	27886	44312	60522	87913	76279	32059	89947	62438	87521	66270	5926	37377	11727	51091	5011	28352	90674	18524	12465	75184	75972	49926	51751	6514	45358	11456	70921	96451	50090	74038	9414	14598	52674	95886	17662	59088	53911	62526	10897	39759	38910	23560	3027	61496	14309	5396	73947	34732	27475	41640	2235	33478	73549	91270	47786	74531	13940	29474	35388	24367	28300	43519	3635	42824	824	13701	75951	18609	71009	76641	6305	38101	99254	80248	31485	16150	15020	40137	20909	85873	84614	54719	28579	84112	20465	5007	91815	82060	65606	86868	67342	36412	51794	52549	14603	30622	87027	85008	78081	33944	66453	4365	11053	91435	73858	5352	10896	81451	33702	48685	67077	68945	66387	39501	11939	5108	71477	68547	80159	13928	81674	57092	70015	28034	39517	78548	39229	16982	21283	73748	36116	1345	10257	6777	75465	41923	61304	83289	95065	73252	23871	22495	89147	26807	13307	59710	48978	30395	85804	71809	97906	81790	31959	60705	84556	67901	73212	57936	31927	83399	15475	37234	81277	5000	96267	8639	61920	48720	29811	23750	58011	27655	51878	80679	44827	68840	41433	58610	88938	11368	2375	16088	14188	31247	78505	24598	29193	16948	33283	24258	54217	93843	5147	71281	31863	36334	96645	4738	25384	44094	46490	91787	52405	63476	76936	38878	79267	17232	60898	34231	88260	47485	58423	5637	73271	12135	98336	3794	94666	87962	17395	10833	45823	22456	42133	91907	21206	72524	7110	34781	61973	77203	46747	70709	35736	64262	93298	41266	69702	2301	85012	47758	53118	32790	43693	8385	61810	27179	6004	89987	93506	19394	47064	90383	10165	34883	81480	43844	4438	65220	36319	28997	43433	3457	53579	16832	39977	5351	48249	12524	62399	71087	50590	60171	50209	86504	65476	6479	98596	20237	39791	70841	29503	47542	74795	732	97055	5962	98580	10304	95136	53841	90305	78979	64591	59048	69070	81818	75705	44814	38117	33237	47214	41883	22985	61280	95608	16529	6366	33861	49458	49322	28376	31695	6855	61840	53790	14922	6665	35084	2491	85798	89802	65143	58497	29307	13210	36684	20794	54054	67229	90942	57580	2225	31752	21285	93672	78576	38296	12372	81680	29383	39471	52358	52962	85610	36525	32727	67942	7517	83687	96975	33488	30202	84326	12345	8050	58320	64542	15826	44929	49416	6633	25276	8513	32963	28512	45298	42480	4512	10613	8790	40301	83322	96720	71238	45987	65709	15236	64014	20981	25817	64621	4790	51144	93023	92809	13532	34983	65928	12688	64253	26679	21413	72049	59916	19896	58289	51338	91621	20821	83315	35587	92763	39656	4160	38344	38093	90573	61213	47938	25688	94337	11074	30129	90246	39766	85657	84199	89956	52854	16454	50243	42609	36050	25857	53609	10194	2662	70878	39323	92002	5674	87790	86518	41159	41719	89310	37420	66272	68020	11613	5465	14490	72477	97468	57636	38370	4559	14542	27636	45812	11730	58222	38060	51858	98915	96351	65381	66033	91997	96046	29862	26734	17092	11573	13602	79965	50478	61721	36399	6081	62445	35410	20862	91640	32285	75947	75772	57070	38695	17023	41156	89554	74832	47236	86814	49125	43329	27140	5240	95022	59187	85861	71744	21099	16778	4571	21379	19487	81491	61509	90774	62508	98752	68069	50229	85461	70419	15276	3214	60977	23538	12619	75040	39938	47596	14222	57389	35838	81235	80600	27821	61851	76391	56572	3839	
Tableau T3
-1	-1	-1	-1	-1	-1	-1	-1	-1	-1	-1	-1	-1	-1	-1	-1	-1	-1	6499	-1	-1	-1	-1	-1	-1	6180	-1	-1	-1	-1	6675	-1	-1	-1	-1	-1	-1	-1	-1	-1	-1	-1	-1	5416	-1	8778	-1	-1	-1	-1	-1	-1	-1	-1	-1	-1	-1	-1	-1	-1	-1	-1	-1	-1	-1	-1	-1	-1	-1	-1	9041	-1	-1	-1	-1	-1	559	-1	9846	1833	-1	-1	-1	-1	-1	-1	-1	273	8060	-1	-1	-1	-1	-1	-1	-1	-1	-1	-1	-1	-1	-1	-1	-1	-1	-1	-1	-1	1820	-1	5698	-1	-1	-1	-1	-1	-1	-1	-1	-1	-1	-1	6227	-1	-1	-1	-1	8134	-1	-1	-1	-1	-1	-1	-1	-1	-1	-1	6324	-1	-1	-1	-1	-1	-1	-1	-1	-1	-1	6183	-1	-1	2565	-1	-1	-1	-1	-1	-1	-1	-1	5652	1069	-1	-1	-1	-1	6848	-1	-1	-1	-1	-1	-1	-1	9149	-1	-1	-1	2952	-1	-1	445	-1	-1	-1	-1	-1	-1	-1	-1	-1	9818	-1	-1	-1	-1	296	-1	-1	-1	-1	-1	-1	-1	-1	-1	-1	-1	-1	-1	-1	-1	-1	-1	-1	-1	-1	-1	-1	-1	-1	-1	-1	-1	-1	-1	-1	-1	-1	-1	-1	-1	-1	-1	-1	-1	-1	-1	-1	-1	-1	-1	-1	-1	-1	-1	-1	-1	9596	-1	-1	-1	-1	-1	-1	-1	-1	-1	-1	9749	-1	-1	-1	-1	-1	-1	-1	-1	-1	-1	-1	-1	-1	-1	-1	-1	-1	-1	-1	-1	-1	-1	-1	-1	1667	-1	-1	-1	-1	-1	-1	-1	-1	-1	-1	-1	-1	-1	-1	-1	-1	-1	-1	-1	-1	-1	-1	-1	-1	-1	-1	-1	-1	-1	-1	-1	-1	-1	-1	-1	-1	4770	-1	-1	-1	-1	-1	-1	-1	-1	-1	-1	-1	-1	-1	-1	-1	-1	-1	6938	-1	-1	-1	-1	-1	-1	-1	-1	-1	-1	-1	-1	-1	-1	-1	-1	-1	-1	4456	-1	-1	-1	-1	-1	-1	-1	-1	-1	-1	-1	-1	-1	-1	-1	-1	158	-1	-1	-1	-1	-1	5304	5716	-1	-1	-1	2231	-1	-1	-1	-1	-1	-1	-1	-1	-1	8548	-1	-1	-1	-1	-1	-1	-1	5809	-1	-1	-1	4699	-1	-1	-1	-1	-1	-1	-1	-1	3243	-1	-1	-1	2760	-1	-1	-1	-1	-1	-1	-1	-1	-1	-1	-1	-1	-1	-1	-1	-1	-1	-1	-1	-1	-1	-1	-1	-1	-1	-1	-1	-1	-1	-1	6387	-1	-1	-1	-1	-1	-1	-1	-1	-1	-1	-1	-1	-1	-1	-1	2589	-1	-1	-1	-1	-1	-1	-1	-1	-1	-1	-1	-1	-1	-1	-1	-1	-1	-1	-1	-1	-1	-1	-1	-1	-1	-1	-1	-1	8838	4129	-1	-1	-1	6552	-1	-1	-1	3382	-1	-1	-1	-1	-1	-1	-1	-1	-1	-1	-1	-1	-1	-1	-1	-1	-1	-1	-1	-1	-1	-1	-1	-1	-1	-1	-1	-1	-1	-1	-1	-1	-1	-1	-1	-1	-1	-1	-1	-1	-1	-1	-1	-1	-1	-1	-1	-1	-1	-1	-1	-1	-1	9378	-1	-1	-1	-1	-1	-1	-1	-1	836	2286	-1	-1	-1	-1	8539	-1	-1	-1	-1	-1	-1	-1	-1	-1	-1	-1	-1	-1	-1	-1	-1	-1	-1	-1	-1	-1	-1	-1	-1	-1	-1	-1	-1	-1	-1	-1	-1	7153	6161	-1	-1	-1	-1	-1	-1	-1	-1	-1	623	-1	-1	-1	-1	-1	-1	-1	-1	-1	-1	-1	-1	-1	3960	-1	-1	-1	-1	731	-1	-1	2997	-1	-1	-1	-1	-1	-1	-1	-1	5425	-1	-1	-1	-1	-1	-1	-1	-1	7892	-1	-1	8146	-1	-1	-1	5167	-1	-1	5619	-1	-1	-1	-1	-1	6247	-1	-1	-1	-1	-1	-1	-1	-1	-1	-1	-1	-1	6641	-1	-1	-1	-1	-1	-1	-1	-1	8413	-1	-1	-1	-1	-1	-1	-1	-1	-1	-1	-1	-1	-1	-1	-1	-1	-1	-1	-1	-1	757	4052	-1	-1	4845	-1	-1	-1	-1	-1	-1	-1	-1	-1	-1	-1	-1	-1	-1	-1	-1	7639	-1	-1	-1	-1	-1	-1	-1	-1	-1	-1	4062	-1	-1	-1	-1	-1	-1	9550	-1	-1	-1	-1	-1	-1	-1	-1	-1	-1	-1	-1	8353	-1	-1	9941	-1	-1	-1	-1	-1	-1	-1	-1	-1	-1	-1	-1	-1	-1	-1	-1	-1	-1	-1	-1	7650	-1	-1	-1	-1	-1	-1	-1	-1	-1	1942	3001	-1	-1	-1	7633	6456	-1	-1	-1	1648	-1	-1	-1	-1	-1	-1	-1	-1	-1	-1	-1	-1	-1	-1	-1	-1	-1	-1	-1	-1	-1	-1	-1	-1	-1	-1	4313	-1	-1	-1	-1	-1	-1	-1	3822	-1	-1	-1	-1	
